1.400477808791628087e-01
1.510191952071272548e-01
7.425802445310260291e-02
6.248262690622854998e-02
1.137527301365364656e-16
1.326025230517617268e-02
6.692726782100911382e-18
5.782947883035996879e-17
6.362261236082396680e-17
3.322560327618581114e-17
6.329264856736994810e-18
9.681779785455271109e-17
1.107362905509582735e-17
5.642348556249831210e-20
1.316864335738053552e-16
7.303914482181086561e-18
3.146905053540703052e-18
3.698791554984544392e-18
1.119867594486154280e-16
7.569041005762387161e-19
1.850665720728644834e-17
4.927178270459642374e-23
1.600014454717186600e-17
1.588798887913127186e-21
3.636124284434265420e-20
0.000000000000000000e+00
9.069456852649947600e-17
0.000000000000000000e+00
7.999321124182337814e-17
2.584118607902333841e-17
6.030206570578974651e-17
7.174494069913680261e-18
5.703934204648201728e-04
2.912134385103741247e-03
1.286531624961474891e-02
1.838766260517736648e-03
1.488115032852289927e-17
2.344878323145756921e-02
4.420298267700381589e-02
5.061865283484532491e-02
5.022466123151227146e-02
4.991392882875445025e-02
2.067780216453372899e-02
4.403213498524754382e-02
1.982103894581558820e-03
2.745915020274413473e-04
1.080778428392347411e-02
2.524291112830814068e-18
5.255801380955939059e-17
2.031734898752833835e-17
6.349716181864550619e-21
3.343327083790970394e-18
1.551268196168810907e-17
6.799436887089729894e-18
1.203150311939272816e-16
3.524425262043637952e-18
1.185292690577038021e-17
2.793737475078218960e-17
1.315238518621047320e-02
1.968727988096618739e-02
1.814638845064285230e-02
3.668865824011138116e-02
1.818002671864322323e-02
2.997170333660379576e-02
3.395431965836012006e-02
3.581628106292708558e-02
2.517755993562917002e-02
1.109063501487278000e-20
1.204133215921102366e-21
6.269492287445663399e-03
7.517989542073689850e-03
6.508197403208887091e-21
9.843225826751843793e-18
5.669106281825266419e-18
2.474534727127180844e-18
9.574078253366563278e-18
1.861722239276070665e-17
4.183867818162074102e-17
8.001498087380040503e-18
5.413914817823356273e-17
6.137694978447292324e-20
2.461388118373215407e-17
6.326248863406351934e-20
4.919364748591773644e-17
4.434618152109273967e-17
3.184415403508416325e-17
3.300698548612443303e-17
1.956420324247068456e-17
