1.195141981894606575e-01
1.030881793446239286e-01
4.101908884835277214e-02
3.113409231317174411e-02
2.199238014045150520e-03
1.925003417699275334e-16
7.689427782554869588e-20
3.658469849886606858e-16
5.392885497113977993e-16
4.821408978982325724e-20
7.112393040397233408e-17
1.214424096361217959e-17
0.000000000000000000e+00
3.802882095954632283e-20
1.563252650367939593e-17
5.029474576075584552e-17
5.347227361730479307e-04
4.192674988857187188e-06
1.751069696753714851e-20
5.258539293997455008e-18
1.907272899058367082e-17
1.360833479127122869e-19
3.297532323508988362e-17
6.372397025653706929e-21
5.223652948916897633e-18
1.213674512694677778e-17
1.611615730172104886e-21
8.844005164442825024e-17
8.502066791423590477e-17
2.256784096804246302e-17
1.733886317111687510e-18
3.301989229263914658e-17
2.226584924414660906e-03
5.209563362520367201e-18
1.572867582095756334e-02
4.799115527773033241e-02
6.625791239315894157e-03
4.413880878259802965e-02
6.568275306339996233e-02
6.691185544642937189e-02
6.608822247165989372e-02
6.460612333389452455e-02
4.705911607711159989e-02
4.496793337918478933e-02
1.949806394231917706e-02
5.240214447220923472e-03
2.820030532168499998e-02
1.730650947843926160e-02
2.370364987361212039e-02
1.249168664533542063e-02
1.623856740987071959e-02
1.444518447786145333e-02
2.572945752876300231e-20
4.142691777693297342e-03
1.502543331298969135e-20
8.685438803974413930e-18
1.317870078171351076e-20
8.695951709539241597e-18
3.854637655126644507e-03
8.948455493432845922e-03
1.911094615119561217e-17
5.256369838219033544e-18
3.987972689643165627e-17
2.069229986687294333e-20
4.168857129321964367e-02
2.284797847097327916e-02
1.187275177569600826e-02
6.808099365350893579e-21
2.393253894539098562e-20
4.349349105180890243e-20
5.129706004890484069e-21
5.221284482590708761e-18
1.088108744608186329e-20
1.618316612311768835e-20
2.671485032844575165e-20
2.628062152899119689e-20
1.243552850980784247e-20
4.341167007771346178e-17
1.217445429875561046e-17
2.439888440710614762e-20
2.687420272029349466e-20
9.224137975637570655e-20
8.180446133793523347e-20
5.253236269597788105e-18
4.961168762381279737e-20
7.805417419757946958e-17
3.651541326831961023e-20
9.195008592230086117e-17
