1.824472088349315124e-01
1.513335134466859966e-01
9.806072077713237634e-02
1.280418045196380673e-02
1.167980293526946465e-19
1.617672302133088653e-19
5.119216145990787074e-20
0.000000000000000000e+00
2.076752315044200480e-17
2.523791505683567301e-23
1.412892653700161287e-03
3.808198318831058778e-17
2.249816882532324844e-17
2.682471740265425171e-17
0.000000000000000000e+00
1.737384294516207971e-17
2.163283661504375128e-17
0.000000000000000000e+00
4.695426057085707291e-23
7.355165435115023755e-17
0.000000000000000000e+00
0.000000000000000000e+00
2.769003551834177428e-17
1.124907503982275042e-17
2.047981308158816926e-20
1.301740545761040195e-02
1.466056876231012183e-02
2.280028049611616380e-03
4.485060059398721100e-03
2.054248899974996866e-23
1.023843229198157385e-20
4.326567323008750102e-18
1.199072861096880417e-02
3.649474755691409222e-02
1.821171888531017413e-02
2.610319786853986315e-02
2.047686458396314769e-20
1.748474201252983931e-02
2.844751441094987843e-02
3.680733241049726628e-02
4.528420187708579597e-02
5.212830412357787047e-02
1.248379297355749380e-02
7.274662501279513006e-03
3.498112214658134429e-18
1.310672821526214770e-19
1.763917747112736523e-03
5.191900147929183050e-18
3.071529687594471402e-20
3.489938503600345662e-18
2.595940393805250600e-18
3.461259135218778931e-18
3.481066979273735258e-20
0.000000000000000000e+00
5.191880787610501200e-18
2.252515321258987605e-20
1.593664403663527565e-05
1.515701823186259116e-03
1.793241995908475758e-02
3.134917327363106326e-02
2.105795134220231693e-02
2.772871203674508525e-02
1.319004295896763698e-02
2.545206852813080775e-02
3.636306955561772331e-02
5.041848440672930948e-02
1.038376157522100240e-17
5.298373459607926656e-18
8.195916344783789758e-20
0.000000000000000000e+00
4.918031088041124905e-20
1.435377046895435401e-20
3.815033671382136659e-23
2.460160054121976963e-20
4.326567323008750102e-18
0.000000000000000000e+00
1.064938541677442082e-19
9.624126354462680469e-20
2.781295313409627555e-17
3.028597126106125302e-17
4.951132218171897308e-17
1.134502574399154995e-16
1.644095826620488864e-16
3.479683036532567486e-18
4.153504630088400960e-17
3.918483308143491757e-17
1.903689622123850260e-17
3.208212415693343118e-17
