1.206517342266855697e-01
1.164882704424350102e-01
4.057711300904614377e-02
4.307233750199875033e-02
1.500161597252777645e-02
1.449380499473713543e-02
1.478717016498218122e-02
3.531864196693083706e-03
1.039020472953578085e-02
8.910776571699882340e-03
1.843989010660982211e-02
4.153509124346782544e-03
2.007191692177374628e-03
3.977696617390023837e-03
5.922212337199495155e-04
1.169456614158613693e-21
2.948361721193501817e-17
1.196733379191616814e-16
1.098784523723901923e-21
1.736811089776656496e-18
1.907846575078043148e-17
6.070156484810151162e-17
2.254675621003894994e-17
1.275770851809397423e-21
8.069945075393144994e-07
8.674873811197987904e-18
5.879704460954475038e-21
1.214031296962030078e-17
1.045801206069798006e-20
1.252706057151851526e-03
1.274910861253738051e-02
1.771903960846384761e-22
5.036910158128536652e-03
4.617315326600446648e-03
8.680125433689376529e-18
3.281462790905495530e-02
1.200324769909252506e-02
0.000000000000000000e+00
3.461959936863637233e-02
5.359799533573705865e-02
6.579076329680884350e-02
5.066177042563530658e-02
4.061822725942066531e-02
3.994152745687728351e-02
1.007470100470529012e-02
8.493454287265701785e-03
2.680783204136985912e-02
3.603346132541263014e-03
8.705221790556664615e-21
1.110103715592886640e-02
1.179409991235603854e-02
0.000000000000000000e+00
1.734330424231471623e-18
3.642283954855684623e-17
1.734932871578159287e-18
1.607429998920890295e-03
2.577404695212920297e-21
8.810371309207509424e-03
1.713223217023249548e-02
7.402838277600135714e-03
1.128517509397464376e-02
8.391602858441746249e-03
2.533596237096731943e-03
9.918341314859550548e-03
4.510839741305063683e-02
4.181878714754655446e-02
1.610570715348855859e-04
4.832633803524226496e-22
2.032285206424316908e-20
1.561404796508584675e-17
3.175694088592029719e-03
4.683723071755729629e-17
1.024587883800752862e-21
1.327374113027518345e-20
5.202991272694415061e-18
4.349370423171802906e-21
2.254700427659347038e-17
1.047070657430248729e-21
1.560961170350915024e-17
8.711621538312231860e-18
3.642771741528245153e-17
1.741337730080904490e-18
5.204231605467007209e-18
8.760376660073045864e-21
1.560897381808324364e-17
5.205340101778256280e-18
1.738235270086481206e-18
1.734330424231471623e-18
