0.000000000000000000e+00
2.357323219587149910e-01
2.377754287457491400e-01
6.658084298764002096e-01
8.017079860534608304e-01
4.910441702069561765e-01
2.673713435794080606e-01
1.676187216611604303e-01
3.605614542855728466e-01
9.964846425495441085e-02
1.176611941240894577e-01
2.971181125309502735e-01
8.185742211474225094e-01
3.903219727198947164e-01
1.014898586003620123e-01
9.177512940157186438e-01
4.173058618858430102e-01
5.078399932894162028e-01
5.931828975239142876e-01
9.697649607489355894e-02
2.791637811589667839e-01
4.853864029013449377e-01
1.608685229096460945e-01
1.679441345921598994e-01
2.823631665476877828e-01
3.883674369925074754e-01
1.275228699048526426e+00
1.204153853129216412e+00
5.022636068667294396e-01
7.986198754168305491e-01
5.842857987668361730e-01
3.239741358529499848e-01
2.289338563231951285e-01
4.420493511723445623e-01
1.228443299464257787e+00
4.145698635402192411e-01
5.917387987048733367e-01
6.220240973450179567e-01
3.405864490053148175e-01
4.168902009643153939e-01
8.042735567466555713e-01
1.201460966589781965e+00
2.961054115189680758e-01
2.204914175544393506e-01
1.643842167905735341e+00
5.311535507268332346e-01
9.341944838862609179e-01
1.353268499536604275e-01
5.918779768304340827e-01
6.306133888822720301e-01
2.880155870013624830e-01
5.940790041927569431e-01
5.649406849471536596e-01
4.907298001598397463e-01
3.644637829045474509e-01
4.088558797671859035e-01
3.265090809477245726e-01
2.733335598146766632e-01
2.493542025880478852e-01
1.742937293549448707e+00
9.337566303358180164e-01
7.227181577139543123e-01
3.783564923004506531e-01
4.569097762391340911e-01
2.421033102408869930e-01
5.440916033765961224e-01
9.481591531756365931e-01
3.025563414501994397e-01
2.190631497331927413e-01
5.924991857756252145e-01
1.869073426196392052e-01
4.089373215161670183e-01
1.489716766863151687e-01
4.455309945308845720e-01
2.994902128473194702e-01
2.758918120189520762e-01
2.614886615581502594e-01
5.103003324848003341e-01
3.800760045541620169e-01
1.231287228392525135e+00
1.433186684229893482e+00
1.335953997450429975e+00
1.346565931738823441e+00
8.743555851147415403e-01
6.906087020795940168e-01
8.101940000493315086e-01
3.585317545302157960e-01
2.030178838041100942e-01
1.924215097361302584e-01
6.278615358975832006e-01
4.335145333885552232e-01
4.574111769467561484e-01
2.333921365726702168e-01
1.096177999247071266e+00
2.704987501336475919e+00
1.332221946607192731e+00
1.054856710463824565e-01
1.708016814095289770e-01
3.733410031478734958e-01
5.828215910615492934e-01
3.466226628520699959e-01
3.458742726588592831e-01
2.552395694905333912e-01
1.472652323113917916e+00
7.696894097570547988e-01
8.575313889809217383e-01
2.326877871437141587e-01
2.041566029522779435e-01
2.372199590730259822e-01
1.005034053573600650e+00
1.106424602023138082e+00
4.826038990920752947e-01
9.248194543350422014e-01
5.635960492639586761e-01
3.229581864091422005e-01
9.005676739755906768e-01
1.143359604785598727e+00
5.532166544352304927e-01
1.041644082794634274e+00
1.734277261937662518e+00
8.848401109431385247e-01
8.920065145192691558e-01
5.081062886968197301e-01
4.391515295698801835e-01
2.722897994226441964e-01
1.512662219318727241e-01
1.335985373386834318e+00
3.679783029124970573e-01
7.391057122673553303e-01
1.910132014409577361e-01
6.466491817917564555e-01
1.343803052204114223e+00
2.607043942177452722e-01
3.271614027392472090e-01
2.457445884724731022e-01
1.736120933020446344e-01
1.437277618586574046e-01
4.056115894123205612e-01
3.490459690726109843e-01
3.214243462120011108e-01
5.897449829561569601e-01
8.033353480415291736e-01
7.326511683105338402e-02
2.417126216335108158e-01
8.978537935469892428e-01
4.105347529204558255e-01
1.075398631045082265e+00
3.802166002540768308e-01
2.453811853197958304e-01
1.678641979598945455e-01
3.848030918255028743e-01
9.567536472473573417e-01
8.191302263055242339e-01
6.642803710125433359e-01
3.981920740570783490e-01
2.084433309185471206e+00
5.747352018692560849e-01
6.902146225882337394e-01
9.211964737699019912e-01
2.829949541903300503e-01
1.353160687164863596e+00
1.102732671676828646e+00
7.894338570112816589e-01
1.543711126863991923e-01
4.123771786694596653e-01
1.078577726426614286e-01
1.012295591012560614e+00
5.422455066449768379e-01
1.490036570891619672e-01
6.149841412650715045e-01
3.621634996007988549e-01
1.138804917304031550e-01
3.322570377282665355e-01
2.067080637573140423e-01
7.429878170177661723e-02
4.329520965695313195e-01
3.896220932719616226e-01
1.668122371706647566e+00
1.424560746781262377e-01
2.742061530126163604e-01
6.698029745194604700e-01
2.801688261889889731e-01
4.190329275615617410e-01
3.426907252292991646e-01
2.034431602512068449e-01
9.947422031993162772e-01
1.590382936232772326e-01
3.372964312897969164e-01
8.272454047093802387e-01
1.358732462060243118e-01
2.647590833373756891e-01
1.311252483782588296e+00
2.662197330837342557e-01
8.300788788851520827e-02
2.298586069493544493e-01
4.263882494532190703e-01
8.854233864920660335e-02
8.204152952961812906e-01
9.609450188211450528e-02
2.764882751856637677e-01
3.327035333525112937e-01
3.721969649116190215e-01
5.101677760417278051e-01
7.297784814359002947e-01
2.250783894803655705e-01
3.887460975087757564e-01
2.890926703226142092e-01
3.677468176832044411e-01
5.543385946832634081e-01
1.319468359143536329e+00
5.145559244299741097e-01
1.756928728001468709e+00
3.162007533867466913e-01
2.923410779609614263e-01
7.453590741380895501e-01
4.319551092232011280e-01
7.300112019460396340e-01
1.192019437407396132e-01
2.046566727576634437e-01
7.918574245758546182e-01
6.404290988542269414e-01
2.704112244070079329e-01
4.003314453702990772e-01
1.189697852417348212e-01
2.107913582983172995e-01
3.035634456354528443e-01
4.782999286360490876e-01
3.430719923991498166e-01
1.862562998373222811e-01
3.870084916837145950e-01
2.740756915576184061e-01
2.893918383079001622e-01
9.899945617601060288e-01
8.793727746993473815e-01
1.466372167107375946e-01
1.878753534817408921e-01
8.930540082884902420e-01
5.500277173693177701e-01
5.164109048629695886e-01
9.387658503602813731e-01
8.641119444047665743e-01
2.154780812934833367e-01
5.300858418781384529e-01
9.678467985259195383e-02
4.203798896878490066e-01
1.034177463240296246e+00
6.071144662655487689e-01
1.756353695170729257e-01
4.018143771365519368e-01
1.097144176436688628e-01
4.223589152598786756e-01
1.379511290905866439e+00
9.407552243667722802e-01
1.986180801747099434e-01
7.653368708027796785e-01
3.654061158421079147e-01
5.743189874701282172e-01
7.440739938035710876e-01
1.178498520579772002e+00
7.041491125008915164e-01
2.679743729097903149e-01
8.160761046513429484e-01
3.193661704474345386e-01
3.329748921048748533e-01
7.391124797091632725e-01
6.272077087807566009e-01
1.059676096642685028e+00
5.526420007440109305e-01
3.634083102382647534e-01
4.568867900557075368e-01
7.186192668512255688e-01
4.355189547711639797e-01
8.854896184141602955e-01
1.609629624013595994e-01
3.232090277344615181e+00
6.264895784431163683e-01
3.386455261660603067e-01
3.902050520244673693e-01
2.557240536572909395e+00
2.313499133417145082e+00
5.146352469479613667e-01
3.630185431848295674e-01
1.983314585330298252e+00
2.730450913207574715e+00
5.805995141131206072e-01
8.520996354991643429e-01
7.668844537306501730e-01
7.003355119977533461e-02
1.259869972469503274e+00
5.510080196470117375e-01
1.652093052777012572e+00
1.413186184346070018e+00
3.115172546972376777e-01
3.535096364721364015e-01
3.061935828042102736e-01
4.304158679870297433e-01
1.421271806425473683e+00
1.132666924169676737e+00
3.572127170219014936e-01
2.921132208604208524e-01
7.283436794183250074e-01
3.693780971076628949e-01
1.169168223229619441e+00
1.736143518393291174e+00
2.668989859549299570e+00
2.283986883015806768e+00
1.836511696754588252e+00
6.547461592024045318e-01
1.024584273238958065e+00
1.152351486092255906e+00
7.396348873150120351e-01
9.017468974298783468e-01
8.333706628874483213e-01
8.638278933508902746e-01
1.358185132429710062e+00
2.050543265266832282e+00
1.203038177544943466e+00
3.760280517360313213e-01
9.549409147908201057e-01
4.427457527559658934e-01
3.335794609302933367e+00
5.257483077189417653e-01
1.504826657423049996e+00
1.633667173871829192e-01
5.626566613387664617e-01
4.947440702272014601e-01
1.720542481123924938e+00
2.838732421480784751e+00
1.449175866041916061e+00
1.115926711711057839e+00
1.260920870792160198e+00
8.176688072655455830e-01
4.816070030013402947e-01
9.844770960002049431e-01
3.913323901035801189e+00
8.201163443187846624e-01
4.709198852400516278e-01
6.072266046582864840e-01
1.244002876706613581e+00
1.207391817402584833e+00
3.124948835275218162e+00
4.088950066776516623e-01
1.880228088331542535e+00
3.230573810988838779e-01
3.091821224662444356e-01
1.254159973937170713e+00
8.090870465065985728e-01
1.295448331595059788e+00
1.005510264328200787e+00
2.112168010722206835e-01
4.558517029386389696e-01
3.365950632580785862e-01
9.441492078672761856e-01
1.572912682474177093e-01
2.267582252660757636e+00
1.939616303544652309e+00
1.163395844924187683e+00
1.541814019992829021e-01
1.241540583304453715e+00
1.523107115390192945e+00
3.497433472451686454e-01
1.151859935372937738e+00
3.230931183590901590e-01
3.805463417558218597e-01
7.697730054990428172e-01
9.496105776135557175e-01
8.048465705338946341e-01
4.662273527824766783e-01
3.853442949504209958e-01
1.621137948362915582e+00
4.303350469123995992e-01
8.861705647228337313e-01
2.694276624676036347e-01
6.826227425892155143e-01
1.647133246839798559e+00
1.239034861229515005e+00
9.060888765361101438e-01
5.221813432021945589e-01
2.072819894940935159e-01
7.576823008491387901e-01
2.240777929148535463e+00
1.349134759675248318e+00
1.881517257371093432e+00
3.840666860331981347e+00
6.956726537952667710e-01
2.336526656224685583e-01
5.033137040891347835e-01
1.466461058508399251e+00
1.763046717853034018e+00
3.608327601883127289e-01
3.104369486476309392e-01
5.419342157970326035e-01
8.267558291352155031e-01
7.712065357423761647e+00
4.685710868629133219e-01
1.659636662066802382e+00
4.241422016540953521e+00
1.007013051400797554e+00
7.816415125207248904e-01
3.283073543823874729e+00
2.419717094566045557e+00
1.129298900461257693e+00
1.868313009946675207e-01
7.198682511088022595e-01
3.755974660367003004e-01
4.114814132023058568e-01
4.793962161089579954e-01
2.204054790205592695e+00
2.262206682719960948e+00
2.438168010058705981e+00
9.789938913578930535e-01
1.450183403271155358e+00
1.402221607192129182e+00
5.445283078193863258e-01
1.261178447131343860e+00
1.644993218209502395e+00
2.518113597328666575e+00
1.792198528164715476e+00
5.212471645260500885e+00
7.411662455550169781e+00
9.277708178536007155e-01
6.337716093644497894e-02
5.650885751622083397e-01
9.416106142875864116e-01
4.158475187001199891e-01
4.491635979466351847e-01
5.735555604552222686e-01
3.337158424724620875e+00
5.417264100153191819e+00
4.547416833534508207e+00
3.702983492635677498e-01
4.152459128033378022e+00
3.685956117251676378e+00
7.284985168194032523e-01
4.309547793123446047e-01
1.921628379313392809e+00
3.259712236161579568e+00
9.723359142856868864e-01
7.895339620994408225e-01
9.768852411238013733e-01
1.015274827788325673e+00
4.400921637930538921e+00
1.153053606489505611e+00
1.417188221194319642e+00
1.168410969502890362e+00
1.789959607064498082e+00
3.117044967951864365e+00
9.283638850861292147e-01
7.820060559244902620e+00
7.741397941906660307e-01
3.185012438377261113e+00
1.346040480032101971e+00
8.462877298462818665e-01
6.869863051926352604e-01
8.959396061611203388e-01
1.052933890541643880e+00
6.210054430178156837e-01
1.202915539998940631e+00
6.571053303186396022e-01
1.010542287980504828e+00
8.511759792386037748e-01
3.534428143378870457e-01
1.175987360845811569e+00
1.841293710307006504e-01
5.316821132760995994e+00
3.081424028923648972e+00
6.225440850272707660e-01
3.058438462667241176e-01
1.070298881035731897e+00
2.996257608318518839e-01
7.220227164180519352e-01
1.622143049916910496e+00
7.963936887407140341e-01
3.089960528971735232e-01
8.498592004406304579e-01
2.725721520918554241e-01
2.751123938963087046e-01
7.602222698343135132e-01
4.966415721689533824e-01
1.637504158673152022e-01
8.317277783510465539e-02
1.525924596721812465e+00
3.333639914967216455e+00
9.205466856464901149e-01
5.822494548909218359e-01
1.047046239967097447e+00
1.866745415339056136e+00
7.096760943110502762e-01
1.024636454034623334e+00
3.333435842887570111e+00
5.379995757161626813e+00
2.180703341277588692e+00
1.573647919525261951e+00
1.768641601483247117e+00
1.006407531566352764e+00
5.488316852826688574e+00
6.445231940215810695e+00
2.811709266351932968e+00
3.851548570957503692e+00
1.764238531155450707e+00
