0.000000000000000000e+00
1.782402199087970984e-01
2.849618397063379271e-01
5.023659024687923691e-02
1.842106550059759706e-01
1.454268459286381376e-01
1.032591918548711879e-01
2.049670217254593030e-01
1.380348251349778621e-01
1.547453968691675785e-01
2.380244265282341676e+00
4.747534717232110291e-01
2.631608546661067805e-01
3.178632272831897199e-01
6.818873161359072510e-01
6.285227308169578642e-01
3.167276358789886670e-01
1.811191667422148155e-01
1.938547406198186662e+00
4.202327857318674531e-01
6.364071114921590056e-01
5.002408897790858733e-01
8.105066828776641419e-01
1.897165284846527300e-01
9.079113759926023264e-02
9.688657241674195064e-02
9.981126995324954287e-02
1.268836525309026686e-01
1.096393506817354840e-01
1.505971685381147229e-01
3.041192486222485045e-02
2.406129804751235279e-01
2.754269943207215965e-01
5.367009760794051454e-01
1.120396986606280176e-01
4.943644966925824225e-01
3.093821323601507189e-01
1.387221597719500710e-01
5.462274491619174555e-01
4.091443485133091640e-01
1.663328648601932747e-01
1.973253769840891403e-01
1.284423437239319565e-01
2.817973073753946012e-01
5.652273797268114741e-01
4.500274116203534236e-01
1.329402378055512257e-01
3.569747524891720425e-01
3.010624182064947085e-01
7.045743597462385266e-02
7.656366889044374791e-02
1.206188792444527619e-01
1.232989275153928699e-01
2.052990378239657465e-01
2.538435590213842241e-01
1.261344222643967783e-01
2.817073867448708913e-01
1.469175601949090360e-01
1.044598105063804655e-01
1.877506975133788059e-01
2.973438294073884602e-01
1.355315830305894031e-01
8.210690281297947091e-02
1.112670857397888569e-01
4.965512207218054086e-01
5.117990973070363214e-01
9.797597770111787785e-02
4.886727459451134514e-01
8.032019894935813475e-01
1.929210104723761976e-01
2.312882740533639403e-01
2.914694802847563326e-01
4.587933274570169528e-01
3.039778600382040397e-01
4.759089196862417159e-01
2.990232237541635696e-01
1.777650713722699616e-01
2.797889759666994935e-01
1.250875272846112773e+00
1.023878938266318706e+00
6.860980228605773057e-01
4.946325430553545621e-02
6.611432131867732431e-02
2.339777188295884269e-01
5.008546335767659619e-01
2.545985963529746043e-01
1.165499020043093692e-01
8.059578701829105407e-01
1.088050864729686706e+00
4.718064543939836653e-01
2.379261438333306056e-01
2.959540809330898914e-01
1.576652101861784061e-01
3.572656063943568383e-01
1.475014268204958290e+00
7.259239506112556972e-01
3.055463707031831344e-01
8.410303509311310710e-02
3.910396177489692260e-01
1.808931033017985024e-01
1.627829579906302782e-01
1.940216622729703522e-01
2.956439286623626095e-01
2.227668810917658726e-01
1.234423044370143996e-01
8.349071822089061679e-02
5.011820750359925469e-01
3.763036919439189387e-01
2.391335957477911389e-01
1.917038213493732768e-01
1.578605694974689333e-01
4.361351697154458584e-01
2.337223960350263419e-01
3.640363992958203787e-01
1.535988817889211155e-01
5.602418289089886594e-01
3.289722603759331343e-01
8.703686650956629633e-02
3.911774575386565145e-01
4.410551134999795009e-01
3.232364744353484753e-01
2.905771215398363916e-01
2.537267275898112961e-01
1.126275144888203711e-01
5.157559151845376721e-01
4.012401303493253191e-01
4.377140428478765721e-01
1.934130977448227928e-01
3.874089672436187848e-01
3.036679552725823905e-01
2.043554209392250409e-01
5.785962031115748916e-01
8.085563960194117605e-01
2.502393150444978676e-01
4.855833194445600132e-01
1.295991373578266881e-01
7.037777077541651494e-01
5.677398074863502231e-01
1.322801395957356463e-01
2.981260855362801165e-01
2.743990841795147517e-01
8.601296648987980520e-01
3.607353537825925827e-01
9.301986057190490820e-02
4.353634028585593452e-01
7.924224275760681779e-01
2.010252279504313178e-01
5.010559807359887818e-01
3.445145231055098400e-01
3.534663908159703105e-01
1.139161429201683562e-01
1.242001648442361411e-01
2.644277991083356927e-01
1.440201066096254701e-01
2.221550619592328746e-01
1.565168231726444814e-01
1.705819397075010735e-01
2.331185965764084045e-01
1.303702997145121945e+00
4.087407429200283215e-01
2.919733827170306051e-01
2.750117240698753962e-01
3.865744163675126077e-01
2.348818139940092031e-01
2.154867052526065196e-01
2.111186128334396894e-01
3.815068717596726833e-01
2.516775404722537690e-01
2.043113940191655653e-01
1.924355374494080007e-01
4.541100688570898214e-01
3.793635298970203240e-01
1.297145674146933381e-01
2.450866145353273462e-01
4.293043354456971272e-01
7.692185424239998681e-02
2.923675307196114681e-01
1.222255799986187025e-01
1.349025212350252745e-01
1.761973687339787598e-01
9.600012537674820767e-02
8.685301826431784944e-02
2.049773748230599157e-01
1.854694849007635371e-01
6.544740594411773138e-01
1.659395512221652769e-01
6.589816152761907020e-01
1.427808581786383368e-01
1.781185988219584071e-01
1.341906954561007670e-01
5.735877080855604770e-01
4.726791006569873443e-02
1.224689260254201995e-01
1.986982627840988835e-01
2.596492682382410266e-01
3.320704239672382374e-01
5.189165151740205983e-01
1.128956012497991934e-01
1.937907480605862431e-01
4.849653364727257721e-01
2.044932120944108200e-01
1.577246695211915184e-01
4.158902566080976415e-01
4.473542528612869384e-01
1.513832186317252138e-01
4.618066149710801094e-01
3.621539196945308681e-01
3.737601179863749845e-01
2.381862864087993248e-01
2.860157010714129977e-01
1.182408756043497877e-01
1.851930875449291358e-01
3.248160972884244213e-01
5.713999347870871159e-02
6.032027319280743038e-02
2.009862755331209283e-01
2.182018583290473435e-01
2.953950721147920455e-01
1.147520214595569854e-01
2.567422693682548385e-01
2.546029496334859532e-01
1.528326613541203804e-01
1.419212573323356541e-01
2.898259275638981891e-01
1.402612530225930687e-01
3.501072276775680781e-01
2.583796895836469876e-01
1.506638705660352795e-01
1.241366235806950213e-01
4.227966139510190846e-01
7.914646994769506394e-01
7.997111670033776876e-02
1.057840748135925546e+00
2.168800801188731919e-01
3.889370898437818358e-01
2.264346083726201941e-01
4.607620965348363518e-01
3.561368904694446336e-01
2.119218827318055665e-01
3.628981023164792874e-01
3.055943099750617620e-01
9.868435274444545269e-02
2.330620982565307031e+00
3.501448143107435129e-01
3.474444303198800377e-01
2.347603220711543814e-01
1.424771339825339489e-01
5.608187536966198206e-01
5.056641877120322537e-01
2.105090055562550688e+00
4.896344034358741937e-02
2.589051516907600603e-01
3.736535358249755134e-01
2.615230031009037615e-01
4.147085293378711679e-01
1.863050944270935594e-01
3.266686104325720041e-01
1.279859601413162462e-01
2.072774044504247237e-01
9.620236555216084007e-01
3.286636317823849462e-01
1.891184782403863562e-01
9.728079502706502013e-02
2.517338958744517741e-01
1.325388723443270411e+00
6.428188314053812080e-01
1.123301732174358580e+00
3.188705386222395743e-01
2.078918603708298507e-01
3.551109689900679989e-01
3.986966719354551048e-01
1.073487537386744517e+00
3.061335134736283270e-01
3.466947000746497531e-01
2.115986386445169176e-01
2.450658431050620201e-01
3.201560410152414216e-01
2.321094513655748981e-01
6.858150936596841829e-01
4.881177214466931868e-01
1.806551387959244304e-01
1.906218570661047107e-01
2.705361769911072689e-01
1.859617962963043825e-01
3.758213332302440257e-01
3.585235949154330637e-01
3.127054351869779092e-01
1.826311977258682773e-01
6.687351444549009816e-02
1.659657258575977234e-01
9.404602321611320592e-01
1.884980649586001367e-01
1.051468822528334041e-01
1.854006467008799952e-01
1.307392654085388628e-01
2.546613255776203566e+00
1.621658933724574592e+00
4.056223956252166807e-01
5.279419209085193243e-01
1.154823671759036552e+00
4.311762634610539768e-01
3.691045597786500876e-01
1.438444391902852226e-01
6.495775351531484221e-01
1.322401550539799298e-01
1.198640656190895104e+00
1.314902857621505217e-01
6.915341577289805253e-01
3.342123747103841747e-01
4.036991305305632216e-01
7.446281221272126327e-01
2.310803734995278691e-01
2.431428801384700467e-01
1.562138819264087264e-01
3.402519712134357555e+00
9.633686366439430104e-01
4.160319403027244456e-01
4.641043921399233274e-01
7.646083175613599403e-01
1.063295201994031380e+00
7.806617555363062344e-01
2.541663893577490452e-01
1.599701653468317941e+00
1.192249888909514999e+00
3.889285676027618988e-01
1.376015367549297264e-01
1.767173677871377802e+00
2.011834268034437545e-01
3.686983033299650603e-01
1.924204930143561532e+00
6.771372608779896440e-01
6.289104882373078853e-01
1.734717423321499030e-01
5.871632218097478928e-01
1.120574296508403789e+00
7.886425608666643994e-01
1.796011893921158065e-01
6.748959751747172220e-01
5.299149653959309703e-01
1.256557799860561708e+00
2.853310864386662260e-01
5.994809192614838356e-01
2.064229547370146078e-01
7.402981048588498370e-01
3.542375050387529534e-01
6.607139868245878178e-01
1.624622893064875395e+00
4.142852959235429622e-01
4.549669530212361312e-01
3.605154280546796208e-01
5.757951609978438912e-01
9.156438346504846004e-01
2.432337009051489252e-01
1.538534566195311148e+00
1.685029311044776990e-01
2.634672576225249419e+00
4.059372528167379257e-01
1.869630252043080754e-01
4.235182057086621099e-01
5.094530881641262665e-01
3.853004990899098647e+00
1.951885239910414460e-01
1.002835113740233375e+00
2.701844713829462674e-01
2.183169491677015017e+00
3.742084587094242076e-01
8.105041765808917997e-01
5.970073880548686374e-01
4.459363550719117053e-01
4.760593835924089023e-01
3.460805474559647821e-01
5.586058510930684839e-01
1.175122883087109660e+00
1.319153301862419636e-01
1.029970736846839818e+00
2.843763187379723334e+00
7.324565995077930713e-01
1.007058399222956618e-01
3.977427316000335389e-01
1.654162153956693637e-01
2.468956323171651590e-01
2.988524874230116257e-01
1.400829470757094963e+00
6.113054199545584488e-01
4.307502841862822507e-01
5.093021773128371121e-01
5.833658121482810932e-01
4.442024574427240191e-01
7.802676740208865924e-01
7.506185555005316923e-01
1.856594321633355249e-01
2.561492842921218038e-01
6.114334169118533779e-01
5.504853714912255613e-01
8.752564413173831159e-01
1.749055517944569094e-01
4.307748562062275188e-01
2.730248449615971240e-01
5.640793586938117610e-01
7.408816322559030887e-01
4.572766977642417352e-01
7.594409987654385796e-01
4.250831974298132643e-01
6.327959813366905717e-01
1.523421188225550171e+00
1.497344687834291754e+00
7.748130609156982374e-01
5.502873198279823796e+00
7.534312127005828863e-01
5.824853070836857327e-01
2.813043826818333315e+00
4.543294231187386956e+00
2.013029059999698334e-01
3.194919631860745346e-01
1.188838927294230352e+00
3.725686591585928298e-01
2.762484477529199567e-01
3.516541083472269902e-01
2.251206185855895825e+00
1.382569120476409452e+00
2.464164774717842177e-01
2.498504618713168479e-01
1.689585947809717492e-01
1.802087916329661865e-01
8.616415805844059028e-02
1.508486402487106415e-01
6.184379701963287346e-01
1.909338375557714240e+00
4.627874798691096192e-01
4.773674243671591766e-01
3.707718127697676169e-01
9.544538624983691655e-01
1.612680174623888352e-01
1.700404330854471402e-01
8.272760418522104864e-01
3.595942414429241230e-01
5.168252655073842794e-01
1.088898818130615287e-01
4.616469050110832417e-01
7.328360019759585509e-01
1.315832498941373885e-01
2.453145446168932153e+00
5.122930661051685597e-01
6.327871316308821825e-01
6.204878436444134504e-01
4.226425187053498567e-01
3.025281506286146005e-01
1.597102921611734949e-01
6.773411759053290515e-01
1.230039498056165304e+00
2.794760605998451553e+00
8.176484178980021333e-01
2.501016680367643463e+00
5.837655077945674842e-01
5.193898994100910604e-01
2.816359481500538275e-01
1.068942261205140909e+00
6.687401496334024475e-01
3.847657270731784651e-01
4.212536014460638301e-01
3.201501114844602647e-01
5.638899695222522324e-01
7.648237989425811234e-01
8.799854719031594552e-01
8.146731307033413527e-01
1.712501392058174421e-01
1.641849401401497044e+00
1.323078664061090870e-01
1.052533452454616825e+00
1.559371703123739183e-01
1.949507345530167246e+00
2.665952726607896950e-01
5.308785673510832304e+00
6.606301608480764642e-01
1.165033576520363434e-01
1.695195643509329053e-01
1.387027705577814074e-01
2.780131718072607061e-01
6.549415105350353539e-01
2.213583802843931136e-01
3.603574047426221783e-01
7.658192529388475611e-01
1.003519685292865171e+00
1.458361360016108832e-01
1.108238347730123641e+00
2.098839232859278092e-01
3.330378139512725211e-01
6.478385081994406658e-01
1.262967063792793943e-01
1.814294726753982179e+00
1.064973142108619042e+00
1.302554473069583496e+00
4.056161000398960659e-01
1.188499062493278691e-01
8.555312825440509750e-01
2.023924475769840747e-01
3.970234684634774691e-01
1.315088810232831307e+00
1.081382521765909877e+00
4.127279248133094991e-01
