#Frame   Contacts_00007[native] Contacts_00007[nonnative] Contacts_00007[mindist]
       1                   5265                         0                  1.8665
       2                   3869                      1216                  1.9261
       3                   3464                      1346                  1.8040
       4                   3580                      1206                  1.7544
       5                   3001                      1388                  2.0013
       6                   3210                      1337                  1.9000
       7                   3428                      1539                  1.9713
       8                   3296                      1149                  1.8339
       9                   3213                      1339                  1.7687
      10                   2841                      1170                  1.7705
      11                   2318                      1279                  1.8195
      12                   2479                      1420                  1.9270
      13                   2315                      1613                  1.6927
      14                   2286                      1253                  2.1175
      15                   2501                      1377                  2.1025
      16                   2399                      1410                  1.8554
      17                   2337                      1562                  1.7477
      18                   2277                      1486                  2.1179
      19                   2613                      1683                  1.8042
      20                   2648                      1391                  1.5632
      21                   2715                      1676                  1.8074
      22                   2496                      1671                  1.8736
      23                   2598                      1839                  1.8828
      24                   2551                      1604                  1.7372
      25                   2762                      1556                  1.9402
      26                   2536                      1573                  1.7467
      27                   2486                      1501                  1.7883
      28                   2346                      1268                  2.1033
      29                   2473                      1489                  1.7878
      30                   2567                      1866                  1.7868
      31                   2620                      1700                  1.5884
      32                   2589                      1909                  1.6288
      33                   2558                      2129                  1.8707
      34                   2655                      2086                  1.8184
      35                   2526                      1643                  1.8372
      36                   2429                      1623                  1.7228
      37                   2632                      1815                  1.7583
      38                   2579                      1362                  1.8255
      39                   2356                      1567                  1.6740
      40                   2606                      1559                  1.9734
      41                   2340                      1367                  1.8449
      42                   2202                      1187                  1.8437
      43                   2251                      1387                  1.9062
      44                   2145                      1236                  1.8649
      45                   2182                      1556                  2.0766
      46                   2300                      1569                  1.8636
      47                   2194                      1566                  1.8636
      48                   2140                      1535                  1.8567
      49                   2079                      1536                  1.8701
      50                   2161                      1797                  1.8893
      51                   2046                      1507                  1.9783
      52                   2117                      1625                  1.6473
      53                   2022                      1426                  1.7096
      54                   1956                      1611                  1.8075
      55                   2260                      1740                  1.8388
      56                   2210                      1671                  1.8576
      57                   1956                      1504                  1.9386
      58                   2064                      1507                  1.9817
      59                   1967                      1417                  2.0661
      60                   1907                      1496                  1.7245
      61                   2024                      1440                  1.9005
      62                   1924                      1446                  1.9456
      63                   1900                      1473                  2.0968
      64                   2091                      2048                  1.8491
      65                   2084                      1823                  1.8625
      66                   2308                      1737                  1.6402
      67                   1987                      1376                  2.0563
      68                   1977                      1231                  2.1503
      69                   1999                      1434                  1.7720
      70                   2154                      1358                  1.8678
      71                   2206                      1623                  1.7194
      72                   2136                      1528                  1.9247
      73                   2106                      1578                  1.6964
      74                   2063                      1303                  1.7814
      75                   1886                      1531                  1.8943
      76                   2025                      1516                  1.7612
      77                   1940                      1254                  1.7649
      78                   2055                      1229                  1.8215
      79                   2000                      1014                  1.8342
      80                   2182                      1139                  1.8100
      81                   1952                      1458                  1.8786
      82                   2117                      1128                  1.8107
      83                   1969                      1292                  1.9266
      84                   1993                      1547                  1.8457
      85                   1924                      1187                  1.8380
      86                   2169                      1341                  1.9784
      87                   2098                      1288                  1.7970
      88                   1830                      1312                  1.9156
      89                   2012                      1125                  1.9954
      90                   2146                      1498                  1.7064
      91                   2189                      1484                  1.7816
      92                   2186                      1177                  2.1262
      93                   2158                      1250                  1.8242
      94                   1986                      1199                  1.8400
      95                   1983                      1403                  1.7521
      96                   2190                      1435                  1.9518
      97                   2223                      1313                  1.8191
      98                   2240                      1471                  1.8964
      99                   2145                      1582                  1.7919
     100                   2286                      1489                  1.9538
     101                   2025                      1365                  1.9505
     102                   2051                      1368                  1.8858
     103                   2105                      1277                  1.8217
     104                   1960                      1587                  1.9078
     105                   2144                      1510                  1.7780
     106                   2321                      1558                  1.6976
     107                   2314                      1681                  1.7878
     108                   2109                      1606                  1.8808
     109                   2054                      1436                  1.8274
     110                   2143                      1609                  1.7564
     111                   2345                      1513                  1.8226
     112                   2132                      1557                  1.8809
     113                   1844                      1196                  1.8103
     114                   2099                      1339                  1.9757
     115                   2056                      1550                  2.0364
     116                   1810                      1306                  1.7754
     117                   1926                      1345                  1.8018
     118                   1751                      1606                  1.8438
     119                   1784                      1329                  1.8589
     120                   1963                      1322                  1.9021
     121                   1837                      1755                  1.7882
     122                   1919                      1710                  1.8216
     123                   1914                      1788                  1.8864
     124                   1847                      1433                  1.7761
     125                   1883                      1199                  1.8465
     126                   1963                      1353                  1.7160
     127                   2072                      1511                  1.7429
     128                   2036                      1367                  2.0697
     129                   2200                      1679                  2.1434
     130                   2038                      1305                  1.7724
     131                   1989                      1494                  1.6736
     132                   2376                      1381                  1.7974
     133                   2011                      1287                  1.8325
     134                   1872                      1411                  1.8396
     135                   1916                      1364                  1.6957
     136                   2054                      1501                  1.7617
     137                   2158                      1490                  1.9079
     138                   2069                      1410                  1.8057
     139                   2121                      1270                  1.7339
     140                   1988                      1444                  1.8014
     141                   2105                      1345                  1.6581
     142                   1981                      1381                  1.7049
     143                   2027                      1523                  1.7054
     144                   2120                      1310                  2.0210
     145                   2013                      1312                  1.6891
     146                   1950                      1544                  1.9419
     147                   1948                      1499                  1.6948
     148                   1890                      1401                  1.7781
     149                   2041                      1456                  1.7976
     150                   2010                      1466                  1.5984
     151                   2087                      1548                  1.6287
     152                   2013                      1538                  1.8298
     153                   2081                      1468                  1.5328
     154                   2183                      1619                  2.0293
     155                   2101                      1624                  1.9445
     156                   2018                      1437                  1.9964
     157                   2029                      1494                  1.8605
     158                   2119                      1637                  1.8289
     159                   2170                      1516                  2.1507
     160                   2018                      1560                  2.0268
     161                   2144                      1587                  1.7296
     162                   2055                      1400                  1.7501
     163                   2042                      1580                  1.9445
     164                   2092                      1411                  1.9863
     165                   1969                      1552                  1.7734
     166                   1944                      1520                  1.8340
     167                   1903                      1226                  1.8022
     168                   2007                      1356                  1.7265
     169                   1851                      1381                  1.7919
     170                   1949                      1608                  1.8105
     171                   1837                      1765                  1.8770
     172                   1856                      1590                  2.1157
     173                   1963                      1600                  1.9879
     174                   1987                      1516                  1.9844
     175                   2000                      1612                  1.9067
     176                   1973                      1374                  2.1439
     177                   1954                      1756                  1.9476
     178                   1678                      1176                  1.8476
     179                   1664                      1376                  1.7456
     180                   1573                      1397                  1.7679
     181                   1752                      1214                  1.6940
     182                   1577                      1403                  1.8994
     183                   1599                      1220                  1.7359
     184                   1454                      1594                  1.7687
     185                   1643                      1405                  1.8031
     186                   1652                      1475                  1.7500
     187                   1626                      1371                  1.7331
     188                   1586                      1327                  1.8735
     189                   1750                      1348                  1.9190
     190                   1698                      1451                  1.8266
     191                   1540                      1419                  1.7503
     192                   1469                      1376                  1.9478
     193                   1593                      1321                  1.7663
     194                   1736                      1347                  1.7365
     195                   1732                      1216                  1.8459
     196                   1710                      1357                  1.9129
     197                   1545                      1220                  1.9939
     198                   1642                      1151                  1.8233
     199                   1535                      1229                  1.8986
     200                   1510                      1292                  1.7811
     201                   1382                      1033                  1.7840
     202                   1468                      1457                  1.7068
     203                   1392                      1253                  1.8597
     204                   1361                      1258                  1.8930
     205                   1406                      1333                  1.9714
     206                   1355                      1303                  1.8175
     207                   1400                      1410                  1.6876
     208                   1496                      1278                  1.8617
     209                   1476                      1353                  1.9436
     210                   1488                       968                  1.6797
     211                   1506                      1018                  1.9883
     212                   1534                      1193                  1.7521
     213                   1448                      1100                  1.7427
     214                   1318                      1357                  1.7883
     215                   1234                      1039                  1.8613
     216                   1395                      1129                  1.9541
     217                   1377                      1255                  1.9987
     218                   1402                      1305                  1.9673
     219                   1476                      1376                  1.6497
     220                   1422                      1216                  1.6813
     221                   1327                      1359                  1.6814
     222                   1237                      1150                  1.8759
     223                   1401                      1224                  1.6994
     224                   1225                      1149                  1.7186
     225                   1175                      1332                  1.9884
     226                   1327                      1196                  1.7621
     227                   1390                      1220                  1.7650
     228                   1350                      1121                  1.5211
     229                   1439                      1010                  2.0461
     230                   1375                      1160                  1.5196
     231                   1308                      1295                  1.5518
     232                   1174                      1292                  1.7991
     233                   1174                      1261                  1.8616
     234                   1272                      1215                  1.8015
     235                   1278                      1078                  1.7937
     236                   1131                      1042                  1.7627
     237                   1313                      1354                  1.8029
     238                   1215                      1165                  1.9285
     239                   1193                      1459                  1.6582
     240                   1258                      1275                  1.9719
     241                   1359                      1293                  1.7772
     242                   1268                      1349                  1.8096
     243                   1494                      1328                  2.0566
     244                   1450                      1383                  1.7713
     245                   1466                      1234                  2.1407
     246                   1283                       979                  1.7061
     247                   1300                       955                  1.8658
     248                   1312                      1002                  1.7573
     249                   1369                      1301                  1.7316
     250                   1359                      1090                  1.8526
     251                   1250                      1282                  2.0786
     252                   1409                      1074                  1.8452
     253                   1241                      1084                  1.7157
     254                   1287                      1127                  1.7076
     255                   1213                       871                  1.7735
     256                   1312                       856                  1.9865
     257                   1122                       889                  2.2138
     258                   1081                       886                  2.0007
     259                    973                      1114                  1.8712
     260                   1189                      1119                  1.7960
     261                   1001                      1088                  1.6696
     262                   1203                      1195                  1.8225
     263                   1288                       947                  1.6604
     264                    944                      1062                  1.7517
     265                   1022                       983                  1.8503
     266                   1144                      1082                  1.8659
     267                   1168                      1144                  1.8569
     268                   1111                      1091                  1.8028
     269                   1222                       985                  1.6860
     270                   1041                      1130                  1.7719
     271                   1080                      1135                  1.7949
     272                   1160                      1372                  1.7673
     273                   1145                      1026                  1.8666
     274                   1107                      1184                  1.9890
     275                   1132                      1250                  2.0537
     276                   1136                      1343                  1.8574
     277                   1163                      1437                  2.0696
     278                    927                      1206                  2.0311
     279                   1182                       930                  1.8088
     280                   1110                       983                  2.0069
     281                   1041                       810                  1.8274
     282                   1028                       879                  1.8986
     283                   1117                      1066                  1.8717
     284                   1029                       987                  1.8560
     285                   1044                       941                  1.6993
     286                   1245                       834                  2.0431
     287                   1028                       638                  1.9287
     288                    938                       867                  1.6554
     289                    913                       756                  2.1147
     290                    850                       659                  2.3027
     291                    735                       666                  2.2193
     292                    708                       853                  1.9799
     293                    775                       698                  2.0763
     294                    650                       772                  2.0228
     295                    569                       681                  1.9657
     296                    431                       626                  2.3349
     297                    476                       818                  2.0003
     298                    440                       885                  2.0638
     299                    300                       868                  1.9425
     300                    192                       915                  1.9461
     301                    142                       867                  2.0237
     302                     92                       826                  1.7666
     303                    104                       411                  1.8612
     304                     83                       691                  1.9550
     305                     68                       567                  2.0937
     306                    104                       657                  2.0546
     307                    110                       450                  2.0133
     308                     65                       494                  2.3084
     309                     37                       447                  2.3260
     310                     44                       338                  1.7789
     311                     48                       442                  1.9610
     312                     52                       531                  2.1001
     313                     52                       483                  1.9644
     314                     32                       468                  1.9112
     315                      5                       335                  2.2463
     316                     22                       320                  2.3489
     317                     10                       293                  2.1594
     318                     18                       395                  2.0702
     319                     20                       402                  2.1693
     320                     19                       353                  2.4470
     321                      5                       223                  2.4023
     322                     17                       284                  2.6306
     323                     19                       421                  2.0422
     324                     42                       405                  1.9369
     325                     25                       455                  2.0715
     326                     24                       568                  2.1396
     327                     41                       434                  2.0037
     328                     42                       540                  1.9843
     329                     42                       503                  1.9060
     330                     42                       513                  2.1788
     331                     42                       538                  1.8452
     332                     44                       517                  2.0827
     333                     39                       492                  1.9551
     334                     33                       556                  2.0551
     335                     31                       381                  2.2565
     336                     50                       527                  2.1330
     337                     94                       728                  1.8504
     338                     47                       634                  2.2218
     339                     31                       505                  2.3672
     340                     30                       506                  2.3795
     341                     33                       605                  2.3628
     342                     43                       625                  1.8382
     343                     41                       547                  1.8943
     344                     39                       671                  2.0526
     345                     19                       541                  2.0807
     346                     40                       580                  1.8148
     347                     48                       659                  1.9444
     348                     44                       742                  1.6509
     349                     41                       716                  1.8063
     350                     32                       620                  2.1982
     351                     31                       649                  2.0364
     352                     35                       756                  2.0696
     353                     38                       848                  1.7919
     354                     47                       789                  1.8872
     355                     35                       708                  2.0581
     356                     49                       677                  2.0114
     357                     44                       662                  1.8896
     358                     41                       726                  2.0189
     359                     14                       400                  2.3959
     360                     10                       270                  2.1815
     361                      2                       117                  3.2473
     362                      3                       243                  2.6328
     363                      9                       285                  2.1027
     364                      4                       208                  2.0311
     365                      4                        15                  4.7416
     366                      0                        61                  2.8968
     367                      0                        31                  4.3730
     368                     17                       316                  2.5059
     369                     13                       271                  2.5316
     370                     11                       307                  2.4421
     371                      5                       326                  2.4897
     372                     11                       129                  2.8952
     373                      0                        66                  3.8960
     374                      0                        58                  4.1135
     375                      0                       209                  2.8022
     376                      0                       279                  2.6053
     377                      1                       307                  2.9804
     378                      6                       407                  2.3633
     379                      4                       244                  2.3047
     380                      2                       190                  2.0146
     381                     10                       412                  2.3652
     382                      7                       369                  1.7955
     383                     10                       227                  1.7179
     384                     19                       228                  1.8051
     385                     17                       419                  1.8653
     386                     19                       298                  1.9007
     387                     15                       260                  2.2126
     388                      4                       158                  2.3855
     389                      7                        34                  4.1618
     390                      3                       116                  2.3586
     391                      1                        95                  3.3280
     392                      1                       154                  3.1320
     393                      0                       177                  2.1804
     394                      0                        27                  4.7245
     395                     10                        17                  4.2534
     396                     26                       255                  1.9114
     397                     21                       276                  1.9717
     398                     27                       218                  1.6792
     399                     33                       269                  2.3802
     400                     28                       280                  2.7326
     401                      5                       405                  2.1112
     402                      7                       361                  2.3183
     403                     17                       370                  2.1512
     404                     47                       266                  2.3084
     405                     24                       107                  2.4774
     406                     22                        89                  2.9279
     407                     17                       136                  3.2932
     408                     52                       158                  2.5459
     409                     48                       354                  2.1923
     410                     49                       378                  2.2139
     411                     48                       229                  2.7982
     412                     52                       250                  2.6244
     413                     19                       136                  2.9178
     414                     45                       216                  2.7847
     415                     46                       181                  2.7417
     416                     51                       143                  2.2409
     417                     47                       350                  2.0788
     418                     37                       245                  2.7639
     419                     47                       395                  2.5008
     420                     54                       461                  2.0694
     421                     54                       400                  2.2839
     422                     55                       566                  2.2070
     423                     31                       222                  2.7262
     424                     32                       312                  2.5541
     425                     42                       265                  2.5503
     426                     41                       318                  2.3800
     427                      5                       336                  2.0513
     428                      1                       196                  2.4153
     429                      0                        32                  3.8765
     430                     10                       199                  2.1817
     431                     35                       363                  2.5675
     432                     36                       444                  2.3329
     433                      0                       276                  2.6717
     434                      2                        39                  3.5660
     435                      0                       114                  3.0288
     436                      0                       253                  1.8630
     437                      0                       304                  2.7191
     438                      0                       272                  2.4539
     439                      0                       179                  2.9183
     440                      0                       248                  2.2691
     441                      0                       279                  2.5881
     442                      0                       305                  2.4706
     443                      0                       283                  2.0884
     444                      0                       310                  2.6885
     445                      0                       257                  2.2256
     446                      0                       408                  2.3062
     447                      0                       501                  1.9434
     448                      0                       446                  2.5799
     449                      0                       384                  2.5097
     450                      0                       372                  2.2808
     451                      0                       403                  2.1257
     452                      0                       373                  2.2572
     453                      0                       426                  2.0949
     454                      0                       190                  2.6358
     455                      0                       415                  2.3591
     456                      0                       269                  2.8311
     457                      0                       513                  2.1055
     458                      0                       379                  2.1789
     459                      0                       495                  2.3082
     460                      0                       443                  2.2300
     461                      0                       410                  2.0594
     462                      0                       458                  2.4658
     463                      0                       571                  2.2773
     464                      0                       609                  2.1710
     465                      0                       333                  2.6768
     466                      0                       387                  2.3237
     467                      0                       309                  2.3149
     468                      0                       558                  2.0454
     469                      0                       549                  2.1624
     470                      0                       454                  2.0469
     471                      0                       188                  2.4842
     472                      0                       479                  2.1037
     473                      0                       582                  2.4002
     474                      0                       436                  2.3196
     475                      0                       426                  2.5379
     476                      0                       410                  2.2411
     477                      0                       357                  2.6081
     478                      0                       380                  2.7385
     479                      0                       360                  2.3438
     480                      0                       323                  2.2200
     481                      0                       296                  2.0074
     482                      0                       203                  2.5722
     483                      0                       139                  2.6475
     484                      0                       400                  2.1887
     485                      1                       542                  2.3816
     486                      2                       495                  2.0798
     487                      0                       505                  2.2904
     488                      0                       507                  2.1467
     489                      0                       307                  2.7403
     490                      0                       482                  2.3945
     491                      0                       412                  2.5214
     492                      0                       318                  2.0716
     493                      0                       185                  2.4038
     494                      0                       111                  2.4604
     495                      0                        21                  4.3398
     496                      0                        88                  3.1460
     497                      0                       117                  2.5546
     498                      0                       105                  2.2832
     499                      0                        43                  2.8680
     500                      0                       191                  2.1294
