#Frame   RMS_W184_M185
       1        0.0000
       2        0.7319
       3        0.9758
       4        1.0902
       5        1.0423
       6        0.9687
       7        0.9291
       8        0.9105
       9        0.8613
      10        1.1095
      11        1.2574
      12        1.2242
      13        1.6529
      14        1.1377
      15        1.2883
      16        1.2939
      17        1.2629
      18        1.2392
      19        1.3649
      20        1.1770
      21        0.9218
      22        0.8472
      23        1.2344
      24        1.3651
      25        0.8705
      26        0.8001
      27        1.0587
      28        1.2219
      29        1.0037
      30        1.2883
      31        1.4968
      32        1.1356
      33        1.1959
      34        1.4063
      35        1.1320
      36        1.1954
      37        0.9978
      38        1.0023
      39        0.8930
      40        1.1485
      41        1.4133
      42        1.7623
      43        1.2908
      44        1.3468
      45        1.1991
      46        1.4982
      47        1.7239
      48        1.4084
      49        2.2531
      50        1.7193
      51        1.8124
      52        2.0489
      53        2.2055
      54        1.9085
      55        1.9153
      56        1.7062
      57        2.0736
      58        2.0677
      59        1.8932
      60        2.2239
      61        1.9784
      62        2.2707
      63        2.4862
      64        2.9249
      65        2.7298
      66        2.0408
      67        1.6535
      68        2.4363
      69        2.2273
      70        1.8257
      71        2.2232
      72        1.9401
      73        2.2216
      74        2.3976
      75        2.2992
      76        1.9853
      77        2.4221
      78        2.1192
      79        1.6583
      80        2.2026
      81        2.1886
      82        2.1818
      83        1.9520
      84        2.0045
      85        2.1559
      86        2.5430
      87        2.3325
      88        2.4068
      89        1.9134
      90        1.8899
      91        2.0212
      92        1.8345
      93        1.8024
      94        1.6629
      95        1.5728
      96        1.5205
      97        1.7957
      98        1.6057
      99        1.3303
     100        1.4765
     101        1.6628
     102        2.0040
     103        1.3446
     104        1.8032
     105        1.7034
     106        1.6046
     107        1.3922
     108        2.0363
     109        1.6410
     110        1.5475
     111        1.3362
     112        1.1092
     113        1.5765
     114        1.5643
     115        1.7116
     116        1.6861
     117        2.0889
     118        1.5409
     119        1.8580
     120        1.5526
     121        1.5658
     122        1.9505
     123        1.8427
     124        1.3427
     125        1.4197
     126        2.0997
     127        1.1406
     128        0.8430
     129        1.4369
     130        1.0811
     131        1.2122
     132        1.0737
     133        1.2512
     134        1.4016
     135        1.4368
     136        1.4078
     137        1.3193
     138        1.7461
     139        1.5459
     140        1.1408
     141        1.1569
     142        1.3107
     143        1.2289
     144        1.5467
     145        1.3337
     146        1.7605
     147        1.8875
     148        1.7432
     149        1.5243
     150        1.8053
     151        1.5694
     152        2.2276
     153        2.0330
     154        2.1675
     155        2.3750
     156        1.7464
     157        2.0469
     158        2.3107
     159        2.1781
     160        1.8449
     161        2.1743
     162        2.2277
     163        1.9490
     164        2.0034
     165        2.2220
     166        2.3195
     167        1.9531
     168        2.3061
     169        1.5832
     170        1.8206
     171        2.0387
     172        2.4765
     173        2.6956
     174        2.7373
     175        2.3795
     176        2.2974
     177        1.8135
     178        1.8408
     179        1.9954
     180        2.3366
     181        2.1391
     182        2.5963
     183        2.0753
     184        2.2727
     185        2.1386
     186        2.3100
     187        1.9168
     188        1.8595
     189        1.7916
     190        2.4056
     191        2.5286
     192        2.4945
     193        2.0964
     194        1.4582
     195        1.8911
     196        2.0546
     197        1.8741
     198        1.6450
     199        1.9493
     200        2.0690
     201        1.7994
     202        2.2496
     203        1.9163
     204        2.0843
     205        2.8639
     206        2.5730
     207        1.8891
     208        1.8641
     209        2.1459
     210        1.4084
     211        1.7476
     212        1.8742
     213        1.6349
     214        1.6164
     215        1.7418
     216        1.8634
     217        2.1363
     218        2.0637
     219        2.4595
     220        2.3797
     221        2.4837
     222        2.6760
     223        2.4861
     224        2.3303
     225        2.7367
     226        2.3845
     227        2.0067
     228        1.9447
     229        1.5063
     230        1.8851
     231        1.8066
     232        2.5475
     233        1.9304
     234        2.2292
     235        2.3399
     236        2.5111
     237        2.3598
     238        2.1487
     239        2.5824
     240        2.8389
     241        2.3524
     242        2.2988
     243        2.0827
     244        1.9361
     245        1.5999
     246        2.1944
     247        2.5683
     248        3.0643
     249        2.4291
     250        2.4218
     251        2.8267
     252        2.8038
     253        2.4591
     254        2.8271
     255        2.9936
     256        3.2552
     257        2.9646
     258        3.1850
     259        3.6807
     260        2.8071
     261        2.3603
     262        2.6545
     263        2.5192
     264        2.0719
     265        2.7037
     266        2.3166
     267        2.3432
     268        2.3525
     269        2.4454
     270        2.4579
     271        3.2641
     272        2.3650
     273        3.0306
     274        3.2397
     275        2.9393
     276        3.2236
     277        3.8570
     278        4.2992
     279        3.5472
     280        2.7777
     281        3.2218
     282        3.1568
     283        3.1802
     284        3.0537
     285        3.4839
     286        3.0971
     287        2.6251
     288        2.8147
     289        3.1485
     290        4.0274
     291        4.7239
     292        4.2601
     293        4.3411
     294        4.2888
     295        5.6207
     296        4.7206
     297        5.5629
     298        5.4674
     299        5.7058
     300        6.2844
     301        7.0046
     302        6.5249
     303        7.1995
     304        6.6168
     305        6.7905
     306        6.7629
     307        6.6859
     308        6.8025
     309        7.2588
     310        7.5454
     311        8.1980
     312        7.1853
     313        7.0138
     314        7.6351
     315        7.1375
     316        6.2299
     317        7.1499
     318        6.6303
     319        8.0666
     320        7.2594
     321        8.6556
     322       10.0366
     323        9.4857
     324        8.8284
     325        8.1244
     326        8.4847
     327        8.1468
     328        8.4598
     329        8.2173
     330        6.9040
     331        8.5071
     332        8.4536
     333        8.0142
     334        8.4291
     335        6.7889
     336        7.2084
     337        7.8587
     338        7.6349
     339        8.6961
     340        9.3306
     341        9.9442
     342        9.1535
     343        9.3888
     344        9.8278
     345       10.1115
     346        8.5058
     347        9.0136
     348        9.8177
     349       11.5693
     350       12.3384
     351       12.0006
     352       12.3721
     353       12.5327
     354       12.4482
     355       11.1309
     356       12.2385
     357       11.8066
     358       11.9398
     359       12.0132
     360       11.7809
     361       11.4789
     362       12.6506
     363       13.5884
     364       13.1638
     365       14.0470
     366       13.8721
     367       13.3253
     368       13.1155
     369       13.2977
     370       12.5067
     371       12.3802
     372       11.8369
     373       10.8934
     374       10.7605
     375       11.4651
     376       10.8265
     377       11.0460
     378       10.8645
     379       10.0041
     380       10.7743
     381       11.1375
     382        9.9233
     383       10.3489
     384        9.5902
     385        9.5660
     386        9.5210
     387       10.6722
     388       10.6460
     389       11.4482
     390       11.7190
     391       12.2879
     392       13.7194
     393       13.4728
     394       13.1554
     395       12.9827
     396       12.4447
     397       12.0142
     398       13.1270
     399       13.1739
     400       14.6660
     401       14.9412
     402       15.0000
     403       15.8846
     404       15.7229
     405       15.5884
     406       16.0695
     407       16.2968
     408       15.7361
     409       15.7648
     410       14.7400
     411       15.2332
     412       13.7386
     413       14.6445
     414       13.9740
     415       13.6318
     416       14.0199
     417       13.5982
     418       13.2028
     419       13.5347
     420       13.5697
     421       13.4477
     422       13.6267
     423       13.6355
     424       13.0636
     425       12.5436
     426       12.7640
     427       12.7103
     428       13.1108
     429       13.6962
     430       12.8272
     431       12.0423
     432       12.8751
     433       12.8060
     434       12.0168
     435       12.1416
     436       12.1896
     437       11.9250
     438       11.5899
     439       11.3774
     440       10.5317
     441       10.4474
     442       10.5112
     443       10.4415
     444       11.2402
     445       11.5124
     446       12.0038
     447       11.5722
     448       11.2641
     449       14.0379
     450       14.3040
     451       15.2361
     452       13.9814
     453       13.2769
     454       13.1754
     455       13.5247
     456       13.1702
     457       12.3727
     458       12.2808
     459       11.8098
     460       10.9159
     461       11.1072
     462       12.2652
     463       11.8948
     464       11.8536
     465       11.5602
     466       12.6815
     467       13.3954
     468       12.6965
     469       12.5933
     470       13.8774
     471       13.8837
     472       14.1946
     473       13.1007
     474       13.3790
     475       14.1811
     476       11.9216
     477       11.5114
     478       10.5407
     479       11.3382
     480       12.0464
     481       12.3769
     482       12.6447
     483       13.9987
     484       12.9742
     485       13.2699
     486       11.8442
     487       12.4654
     488       12.8347
     489       12.6568
     490       12.8861
     491       14.5315
     492       12.0501
     493       14.1840
     494       15.2069
     495       15.5099
     496       16.6611
     497       13.5367
     498       15.6621
     499       14.7179
     500       12.6355
