0.000000000000000000e+00
4.201698090553272064e-02
6.775692361235194361e-02
3.344794527461874417e-02
1.476831532344298759e-01
7.141100488484297681e-02
2.760854886316077908e-02
3.435631016431678342e-02
4.977003729272236332e-02
1.542014114853598045e-02
2.800623825601362693e-01
1.410578554359163406e-01
2.154166916447984026e-01
1.240690019282868761e-01
6.920464729601358278e-02
5.768275495255562602e-01
1.321722990735468284e-01
9.197955642295102541e-02
1.149913167396108715e+00
4.075270309606802976e-02
1.776618156006072591e-01
2.428101260740386513e-01
1.303850128829267818e-01
3.186177819418385682e-02
2.563607310699395417e-02
3.762758980847904361e-02
1.272821959328636898e-01
1.527874390941950933e-01
5.506785572793467670e-02
1.202698919760366164e-01
1.776925581016204972e-02
7.795238242443086607e-02
6.305456394534955655e-02
2.372483182494650733e-01
1.376344170936430744e-01
2.049486219329730574e-01
1.830734113435477095e-01
8.628852621389861144e-02
1.860376672592885805e-01
1.705682696751273653e-01
1.337771248249684519e-01
2.370787381639968550e-01
3.803247304483561853e-02
6.213388776622482540e-02
9.291446012498000284e-01
2.390336576065568430e-01
1.241920368444737188e-01
4.830826876734725661e-02
1.781922149877381290e-01
4.443140247191325332e-02
2.205153003845911064e-02
7.165714366839089078e-02
6.965658056379549212e-02
1.007463558043620866e-01
9.251678378688746318e-02
5.157080018383566888e-02
9.198001994225300793e-02
4.015749972736153139e-02
2.604749275131708688e-02
3.272376925859896701e-01
2.776467721985913517e-01
9.795113599992340270e-02
3.106567974197291596e-02
5.083901924814747397e-02
1.202166942409024081e-01
2.784655914604799443e-01
9.289682004864698028e-02
1.478510381795763162e-01
1.759519576904307048e-01
1.143055416238937666e-01
4.322947668239709995e-02
1.191927485713575041e-01
6.834721124376545720e-02
1.354315582981910904e-01
1.425300636527704057e-01
8.249805903728474332e-02
4.648355058492392722e-02
1.427764074613885603e-01
4.754276758989477991e-01
1.260689060107416992e+00
9.833065504402364043e-01
6.608063231638727775e-02
8.902729268776468641e-02
2.045797252510572761e-01
3.458945684250009922e-01
2.062742551861616314e-01
4.178684085592974939e-02
1.636238612398021874e-01
2.093643900609883646e-01
2.962291251021996197e-01
1.031444412248445908e-01
1.353727044818001657e-01
3.679782026853130328e-02
3.916266976171577374e-01
3.989895159787380852e+00
9.670918185721106841e-01
3.223076394941200296e-02
1.436493980554834002e-02
1.459911231609611615e-01
1.054284062784154041e-01
5.642426236564890979e-02
6.710710131872646422e-02
7.546002907427139250e-02
3.280581649526309040e-01
9.501223444117627703e-02
7.159591156297508141e-02
1.166189479962200098e-01
7.682488342567096729e-02
5.672726179627655269e-02
1.926688686563099995e-01
1.746608177813829821e-01
2.104805334358581526e-01
2.161510187669916927e-01
2.051694764314013208e-01
4.960601629702218046e-02
5.045356807243988051e-01
3.761335936088520127e-01
4.815024410294802687e-02
4.074676839677908724e-01
7.649118546043494060e-01
2.860125979002426932e-01
2.591966853837914808e-01
1.289201458988479820e-01
4.946054525941930707e-02
1.404350746966400443e-01
6.069407860539458716e-02
5.847795589707811548e-01
7.117182346918880798e-02
2.863361806733553672e-01
5.800458831164552465e-02
1.321462657450598599e-01
7.775193437350459424e-01
2.107942054151240863e-01
8.186864533046632475e-02
1.193294730060008441e-01
2.249997752683150637e-02
1.011523947815224367e-01
2.302818456871834063e-01
4.617184951425380712e-02
9.582498213224195649e-02
1.618254832226330153e-01
6.909725637123197428e-01
2.642931783997302247e-02
2.248407436281878169e-02
3.908926828280836485e-01
3.253169455135689336e-01
2.161822549434194440e-01
1.905098015324098726e-01
8.453738203951419172e-02
5.933435220010149086e-02
4.383528400451665308e-02
1.188289607034459378e-01
2.166008029250827138e-01
9.566972985190805301e-02
8.846038488382568232e-02
3.262488796689525516e-01
9.803944555303989450e-02
1.609018641542844519e-01
1.200966603813338862e+00
1.156715678183748847e-01
3.950869031912268570e-01
3.032644132260244874e-01
3.051749325348905861e-01
3.625896697605505287e-02
8.886179955284731480e-02
2.277078334362320211e-02
3.861977242233110563e-01
1.364710154445389068e-01
3.044314489384040284e-02
1.183448037472066838e-01
1.644620917412433769e-01
4.320210532925417013e-02
4.309857791940954058e-02
5.066137954343269412e-02
3.189678910290612984e-02
3.330347806626297175e-02
1.139128493237295675e-01
2.038872243905164028e-01
1.921768363932426990e-02
4.831440265148976426e-02
6.430116953158708515e-02
2.433350817808475203e-02
8.589226945599034990e-02
6.355867228854721052e-02
1.331482709551493060e-01
1.650670747806424754e-01
1.048033116226363276e-01
4.815947392014932604e-02
1.473477923687387114e-01
1.823292540226440633e-02
1.518625558063192160e-01
6.198016447685947283e-02
3.260364479753895955e-02
1.649352312082521393e-02
5.968261909266134313e-02
1.415909267705789953e-01
4.594608181720429008e-02
9.262127803699393702e-02
1.862222540424438369e-02
1.340872294061790371e-01
6.803561421041497137e-02
5.870464328747562743e-02
2.121738072911766582e-01
3.264695073170017503e-01
3.407309104398278249e-02
1.795255193737451682e-01
1.046960437122935184e-01
1.374490939663884359e-01
1.320358512806791007e-01
3.773886677819854873e-01
6.084154305200577956e-02
3.253710557349769883e-01
1.027070946747426078e-01
1.670436728824801001e-02
4.496026297874756994e-02
8.681704860027364412e-02
1.592898008656473130e-01
3.521166676751916191e-02
2.348476690412892864e-02
2.033032722017066030e-01
1.630551375994015451e-01
4.132766708614929452e-02
5.681554207662408568e-02
3.448052835976356256e-02
2.956586004125635533e-02
1.062797563756785468e-01
1.235829870888628668e-01
5.168855425765734452e-02
2.312122818243874181e-02
1.636258798541656567e-01
2.169212348525878797e-01
2.314298847344636173e-02
1.047256587862808397e+00
1.907184378311502782e-01
5.703265233026625497e-02
4.254148208850558333e-02
4.114854371778438602e-01
1.958851609359153756e-01
1.094387712217958358e-01
3.406763456152620551e-01
2.640676933915835911e-01
2.126431498306240175e-02
1.235429185641985006e+00
3.388865375511056904e-02
1.460586512905287238e-01
2.427838343490213713e-01
8.649992915285117934e-02
9.849960903761012521e-02
2.031831406257707251e-01
2.309587295335237822e-01
2.068014555090936374e-02
3.571625800310995746e-01
3.515165159304626252e-01
5.194319679742621931e-02
3.173917281386690603e-01
6.807702091620140838e-02
1.876119855819085303e-01
9.523102451313383843e-02
2.442761144944405882e-01
6.774081032404039027e-01
8.807343062513883769e-02
1.543350710400042680e-01
3.106819496587558821e-02
8.382106681793538572e-02
9.796113459627180386e-01
4.031809264068926257e-01
1.190335994902491201e+00
1.762212524425148807e-01
7.554962968965255043e-02
1.622455107354440762e-01
2.865111100822803625e-01
4.675241702425457779e-01
2.710780480295493233e-01
5.580500597286649350e-02
6.839059026622996695e-01
1.535311967376971898e-01
1.084194109648492221e-01
9.057028054547473783e-02
1.753794158100090872e+00
1.129259925572476009e+00
9.297150196665880661e-02
6.919926885132414440e-02
5.365583456859620570e-01
5.077595565189653160e-01
2.182016834668248639e-01
3.054978245452905639e-01
2.398089368419707990e-01
1.279031133661088886e-02
8.425193280337854584e-02
9.144844593407376598e-02
1.553727815966462700e+00
2.663828611754617826e-01
3.275506809937636654e-02
6.554091521692707867e-02
4.003152408863106665e-02
1.096102754912190447e+00
2.304818122140733561e+00
4.594350712271499382e-01
1.885875679974940156e-01
3.373392622833896182e-01
3.140445062070691407e-01
1.363391399247993740e-01
1.681783473895668013e-01
1.127759827350028887e+00
3.529476328642994765e-01
2.737679536189463914e+00
2.414834478117927341e-01
4.527793337303198107e-01
3.424287430501052887e-01
4.652032930010461254e-01
5.507529372011499280e-01
2.083760098601367405e-01
2.026281431973601665e-01
1.349419085366543591e-01
4.621251685819901311e+00
1.975429069839527374e+00
5.005023072622762914e-01
1.745162703785104463e-01
7.301557662287149197e-01
4.707694346086542247e-01
2.604127275806974673e+00
1.336275490838702007e-01
2.407273692062855019e+00
1.947739506563809786e-01
2.188332493466387252e-01
6.807754436365179296e-02
3.040497384301712014e+00
5.711059163315420628e-01
5.343086830363872330e-01
2.147271680353310508e+00
8.538165046320927987e-01
5.142404887937914726e-01
8.354520593000744344e-02
5.780487434853848194e-01
4.385170177412715198e+00
6.467786539921733802e-01
8.457777149751195822e-02
4.098147915028867438e-01
6.592157413624236684e-01
1.517157605645037100e+00
8.916450462343226135e-01
2.451247544845491788e-01
3.881222375729255214e-01
2.391587669881669598e-01
1.095239036650285935e-01
8.286410364958491925e-01
1.314461338236865506e+00
5.366851954085193332e-01
4.574739411929792388e-01
7.614691545089175007e-02
2.624772046846949314e-01
3.082011944460494868e-01
2.296489060362223444e-01
2.419980531593511341e-01
3.820942560938319632e-01
5.110253883348484294e+00
4.722657132269323932e-01
2.882622134802748440e-02
5.258150401555879982e-01
7.759516235402880158e-01
1.347562862469391387e+00
2.248298406298601115e-01
3.240091240983248855e-01
1.028177121840107427e-01
1.680544941122033453e+00
3.553523106229347639e-01
6.523315069245289033e-01
2.783411741244021798e-01
1.718390303379463968e-01
7.717579324159119514e-01
1.489305886249315536e-01
4.950200625206236937e-01
3.166106115023510359e-01
9.004840448129441954e-02
1.696499043932514939e+00
3.523521726244638774e+00
6.636707773594757720e-01
5.258671075892953906e-02
8.244490471287020672e-02
1.253329386787475075e-01
5.532382836994755859e-01
4.031922787977949563e-01
2.635684823863489790e+00
2.347820467960797242e+00
2.996611933229362812e-01
1.189998113364715282e-01
2.936160077513177424e-01
6.514056059334892845e-01
1.375648361729345126e+00
2.708477652298210692e-01
5.763554760843771219e-02
1.388160615098222028e-01
5.055061415599372276e-01
4.245379163246030707e+00
4.101198619918519084e-01
2.902796661571047099e-01
1.827097959285356898e+00
2.749395822330075734e-01
4.409078431111515539e-01
2.432368885964404370e+00
1.106480242526846736e+00
8.576358848710091687e-01
7.941884680678512609e-02
4.555297363935217336e-01
5.721931380041357373e-01
6.161295082010198598e-01
3.714424495947852845e-01
1.212863403256261563e+01
1.704417124341062850e+00
1.420197042060664216e+00
2.753952722577178935e+00
6.588609890245532341e+00
2.822712843837237862e-01
1.739724180756068439e-01
1.499338032214230010e+00
6.128729176332927686e-01
6.956249725275654994e-01
6.302339754029755436e-01
1.173434841140889873e+01
1.024713564243802288e+01
2.286180168366006293e-01
1.583481293206355847e-02
9.547657158618826079e-02
1.696865109895409618e-01
3.583115132948747061e-02
6.775571799946847329e-02
3.547085366027453723e-01
6.371764645642448599e+00
2.507042000695295592e+00
2.170788661348230786e+00
1.372961902221055686e-01
3.963330653618067689e+00
5.944268354825422707e-01
1.238742033020772265e-01
3.565185640468093164e-01
6.910064993943951794e-01
1.684701641931877658e+00
1.058775427891635729e-01
3.644859100043447708e-01
7.158966744944867955e-01
1.335931613760985570e-01
1.079610087503561999e+01
5.907013674521313096e-01
8.967784694706256721e-01
7.249848029573269237e-01
7.565130367105777909e-01
9.429938495807067556e-01
1.482692673189877908e-01
5.296849014849827064e+00
9.522225238715900097e-01
8.901347292391839972e+00
1.100587868924915558e+00
2.116579728736017074e+00
4.010389092986924586e-01
4.653419819215409148e-01
2.965440346020208895e-01
6.638189624801641431e-01
8.044379182152366914e-01
2.528316101837124741e-01
4.256945782253330202e-01
2.725040846461336264e-01
1.993028578048501864e-01
8.994231208305535352e-01
1.620311714576830597e-01
4.331471317616085948e+00
5.276942939053257398e-01
1.022123633348067218e+00
4.046554675298830173e-02
1.126525376414852175e+00
4.672279329681110205e-02
1.407588589296637105e+00
4.324556686874037603e-01
4.227883405261147587e+00
2.041321121268804828e-01
9.901145038280841082e-02
4.620631247680755810e-02
3.815885124820168894e-02
2.113518045151527025e-01
3.252711814708291183e-01
3.624752682728468040e-02
2.997192636589300282e-02
1.168582434702510664e+00
3.345373278347634649e+00
1.342489716437736680e-01
6.452711738550803711e-01
2.197581727060734513e-01
6.216968123280794956e-01
4.597555022432763816e-01
1.294082093807168432e-01
6.047835071723634215e+00
5.729550986035456539e+00
2.840484891618909824e+00
6.382969319537329378e-01
2.102028885249450085e-01
8.610131262429542298e-01
1.110793880921603805e+00
2.558908339956069700e+00
3.697647393807390603e+00
4.164997306365911811e+00
7.281505078394704400e-01
